-13 1
-13 4
-13 -7
-13 -2
-13 -5
-13 8
-15 4
-15 7
-15 -10
-15 -5
-15 -8
-15 11
-17 7
-17 10
-17 -1
-17 -8
-17 -11
-17 2
-19 10
-19 1
-19 -4
-19 -11
-19 -2
-19 5
-14 2
-14 5
-14 -8
-14 -3
-14 -6
-14 9
-16 5
-16 8
-16 -11
-16 -6
-16 -9
-16 12
-18 8
-18 11
-18 -2
-18 -9
-18 -12
-18 3
-20 11
-20 2
-20 -5
-20 -12
-20 -3
-20 6
-1
4
7
10
3 6 9 12
0
1 Jump(1,1,1,1)
2 Jump(1,1,2,1)
3 Jump(1,2,1,2)
4 Jump(1,2,2,2)
5 Jump(2,1,1,3)
6 Jump(2,1,2,3)
7 Jump(2,2,1,4)
8 Jump(2,2,2,4)
9 Jump(3,1,1,5)
10 Jump(3,1,2,5)
11 Jump(3,2,1,6)
12 Jump(3,2,2,6)
13 Jump(4,1,1,7)
14 Jump(4,1,2,7)
15 Jump(4,2,1,8)
16 Jump(4,2,2,8)
17 Peg(1,1)
18 Peg(1,2)
19 Peg(1,3)
20 Peg(2,1)
21 Peg(2,2)
22 Peg(2,3)
23 Peg(3,1)
24 Peg(3,2)
25 Peg(3,3)
26 Peg(4,1)
27 Peg(4,2)
28 Peg(4,3)
