2 T
3 T
4 T
5 T
6 T
8 T
9 T
1 F
7 T
10 T
12 T
14 T
15 F
16 T
18 T
19 F
20 T
22 T
23 F
24 T
26 T
27 F
28 T
30 T
31 F
32 T
34 T
35 F
36 T
38 T
39 F
56 T
57 T
58 T
59 F
60 T
61 T
62 T
63 F
64 T
65 T
66 T
67 F
68 T
69 T
70 T
71 F
72 T
73 T
74 T
75 F
76 T
77 T
78 T
79 F
80 T
81 T
82 T
83 F
86 T
88 T
90 T
92 T
94 T
96 T
98 T
100 F
102 F
104 F
106 F
108 F
110 F
112 F
115 F
117 F
119 F
121 F
123 F
125 F
127 F
11 F
13 T
17 T
21 T
25 T
29 T
33 T
37 T
41 F
43 F
45 F
47 F
49 F
51 F
53 F
85 F
87 F
89 F
91 F
93 F
95 F
97 F
129 F
40 F
55 F
84 F
99 F
114 F
130 F
131 F
132 F
133 F
134 F
135 F
136 F
137 F
138 T
116 F
139 T
118 F
140 T
120 F
141 T
122 F
142 T
124 F
143 T
126 F
144 T
128 F
145 F
146 T
101 F
147 T
103 F
148 T
105 F
149 T
107 F
150 T
109 F
151 T
111 F
152 T
113 F
0
1 Peg(1,1)
2 Peg(2,1)
3 Peg(3,1)
4 Peg(4,1)
5 Peg(5,1)
6 Peg(6,1)
7 Peg(7,1)
8 Peg(8,1)
9 Peg(9,1)
10 Peg(10,1)
11 Jump(1,2,4,1)
12 Jump(1,2,4,2)
13 Peg(1,2)
14 Peg(2,2)
15 Peg(4,2)
16 Jump(1,2,4,3)
17 Peg(1,3)
18 Peg(2,3)
19 Peg(4,3)
20 Jump(1,2,4,4)
21 Peg(1,4)
22 Peg(2,4)
23 Peg(4,4)
24 Jump(1,2,4,5)
25 Peg(1,5)
26 Peg(2,5)
27 Peg(4,5)
28 Jump(1,2,4,6)
29 Peg(1,6)
30 Peg(2,6)
31 Peg(4,6)
32 Jump(1,2,4,7)
33 Peg(1,7)
34 Peg(2,7)
35 Peg(4,7)
36 Jump(1,2,4,8)
37 Peg(1,8)
38 Peg(2,8)
39 Peg(4,8)
40 Jump(2,4,7,1)
41 Jump(2,4,7,2)
42 Peg(7,2)
43 Jump(2,4,7,3)
44 Peg(7,3)
45 Jump(2,4,7,4)
46 Peg(7,4)
47 Jump(2,4,7,5)
48 Peg(7,5)
49 Jump(2,4,7,6)
50 Peg(7,6)
51 Jump(2,4,7,7)
52 Peg(7,7)
53 Jump(2,4,7,8)
54 Peg(7,8)
55 Jump(3,5,8,1)
56 Jump(3,5,8,2)
57 Peg(3,2)
58 Peg(5,2)
59 Peg(8,2)
60 Jump(3,5,8,3)
61 Peg(3,3)
62 Peg(5,3)
63 Peg(8,3)
64 Jump(3,5,8,4)
65 Peg(3,4)
66 Peg(5,4)
67 Peg(8,4)
68 Jump(3,5,8,5)
69 Peg(3,5)
70 Peg(5,5)
71 Peg(8,5)
72 Jump(3,5,8,6)
73 Peg(3,6)
74 Peg(5,6)
75 Peg(8,6)
76 Jump(3,5,8,7)
77 Peg(3,7)
78 Peg(5,7)
79 Peg(8,7)
80 Jump(3,5,8,8)
81 Peg(3,8)
82 Peg(5,8)
83 Peg(8,8)
84 Jump(4,5,6,1)
85 Jump(4,5,6,2)
86 Peg(6,2)
87 Jump(4,5,6,3)
88 Peg(6,3)
89 Jump(4,5,6,4)
90 Peg(6,4)
91 Jump(4,5,6,5)
92 Peg(6,5)
93 Jump(4,5,6,6)
94 Peg(6,6)
95 Jump(4,5,6,7)
96 Peg(6,7)
97 Jump(4,5,6,8)
98 Peg(6,8)
99 Jump(7,8,9,1)
100 Jump(7,8,9,2)
101 Peg(9,2)
102 Jump(7,8,9,3)
103 Peg(9,3)
104 Jump(7,8,9,4)
105 Peg(9,4)
106 Jump(7,8,9,5)
107 Peg(9,5)
108 Jump(7,8,9,6)
109 Peg(9,6)
110 Jump(7,8,9,7)
111 Peg(9,7)
112 Jump(7,8,9,8)
113 Peg(9,8)
114 Jump(8,9,10,1)
115 Jump(8,9,10,2)
116 Peg(10,2)
117 Jump(8,9,10,3)
118 Peg(10,3)
119 Jump(8,9,10,4)
120 Peg(10,4)
121 Jump(8,9,10,5)
122 Peg(10,5)
123 Jump(8,9,10,6)
124 Peg(10,6)
125 Jump(8,9,10,7)
126 Peg(10,7)
127 Jump(8,9,10,8)
128 Peg(10,8)
129 Jump(1,3,6,1)
130 Jump(1,3,6,2)
131 Jump(1,3,6,3)
132 Jump(1,3,6,4)
133 Jump(1,3,6,5)
134 Jump(1,3,6,6)
135 Jump(1,3,6,7)
136 Jump(1,3,6,8)
137 Jump(3,6,10,1)
138 Jump(3,6,10,2)
139 Jump(3,6,10,3)
140 Jump(3,6,10,4)
141 Jump(3,6,10,5)
142 Jump(3,6,10,6)
143 Jump(3,6,10,7)
144 Jump(3,6,10,8)
145 Jump(2,5,9,1)
146 Jump(2,5,9,2)
147 Jump(2,5,9,3)
148 Jump(2,5,9,4)
149 Jump(2,5,9,5)
150 Jump(2,5,9,6)
151 Jump(2,5,9,7)
152 Jump(2,5,9,8)
