-1 145
-1 146
-1 -148
-2 146
-2 148
-2 -151
-3 147
-3 149
-3 -152
-4 148
-4 149
-4 -150
-5 151
-5 152
-5 -153
-6 152
-6 153
-6 -154
-7 145
-7 147
-7 -150
-8 147
-8 150
-8 -154
-9 146
-9 149
-9 -153
-10 148
-10 146
-10 -145
-11 151
-11 148
-11 -146
-12 152
-12 149
-12 -147
-13 150
-13 149
-13 -148
-14 153
-14 152
-14 -151
-15 154
-15 153
-15 -152
-16 150
-16 147
-16 -145
-17 154
-17 150
-17 -147
-18 153
-18 149
-18 -146
-19 155
-19 156
-19 -158
-20 156
-20 158
-20 -161
-21 157
-21 159
-21 -162
-22 158
-22 159
-22 -160
-23 161
-23 162
-23 -163
-24 162
-24 163
-24 -164
-25 155
-25 157
-25 -160
-26 157
-26 160
-26 -164
-27 156
-27 159
-27 -163
-28 158
-28 156
-28 -155
-29 161
-29 158
-29 -156
-30 162
-30 159
-30 -157
-31 160
-31 159
-31 -158
-32 163
-32 162
-32 -161
-33 164
-33 163
-33 -162
-34 160
-34 157
-34 -155
-35 164
-35 160
-35 -157
-36 163
-36 159
-36 -156
-37 165
-37 166
-37 -168
-38 166
-38 168
-38 -171
-39 167
-39 169
-39 -172
-40 168
-40 169
-40 -170
-41 171
-41 172
-41 -173
-42 172
-42 173
-42 -174
-43 165
-43 167
-43 -170
-44 167
-44 170
-44 -174
-45 166
-45 169
-45 -173
-46 168
-46 166
-46 -165
-47 171
-47 168
-47 -166
-48 172
-48 169
-48 -167
-49 170
-49 169
-49 -168
-50 173
-50 172
-50 -171
-51 174
-51 173
-51 -172
-52 170
-52 167
-52 -165
-53 174
-53 170
-53 -167
-54 173
-54 169
-54 -166
-55 175
-55 176
-55 -178
-56 176
-56 178
-56 -181
-57 177
-57 179
-57 -182
-58 178
-58 179
-58 -180
-59 181
-59 182
-59 -183
-60 182
-60 183
-60 -184
-61 175
-61 177
-61 -180
-62 177
-62 180
-62 -184
-63 176
-63 179
-63 -183
-64 178
-64 176
-64 -175
-65 181
-65 178
-65 -176
-66 182
-66 179
-66 -177
-67 180
-67 179
-67 -178
-68 183
-68 182
-68 -181
-69 184
-69 183
-69 -182
-70 180
-70 177
-70 -175
-71 184
-71 180
-71 -177
-72 183
-72 179
-72 -176
-73 185
-73 186
-73 -188
-74 186
-74 188
-74 -191
-75 187
-75 189
-75 -192
-76 188
-76 189
-76 -190
-77 191
-77 192
-77 -193
-78 192
-78 193
-78 -194
-79 185
-79 187
-79 -190
-80 187
-80 190
-80 -194
-81 186
-81 189
-81 -193
-82 188
-82 186
-82 -185
-83 191
-83 188
-83 -186
-84 192
-84 189
-84 -187
-85 190
-85 189
-85 -188
-86 193
-86 192
-86 -191
-87 194
-87 193
-87 -192
-88 190
-88 187
-88 -185
-89 194
-89 190
-89 -187
-90 193
-90 189
-90 -186
-91 195
-91 196
-91 -198
-92 196
-92 198
-92 -201
-93 197
-93 199
-93 -202
-94 198
-94 199
-94 -200
-95 201
-95 202
-95 -203
-96 202
-96 203
-96 -204
-97 195
-97 197
-97 -200
-98 197
-98 200
-98 -204
-99 196
-99 199
-99 -203
-100 198
-100 196
-100 -195
-101 201
-101 198
-101 -196
-102 202
-102 199
-102 -197
-103 200
-103 199
-103 -198
-104 203
-104 202
-104 -201
-105 204
-105 203
-105 -202
-106 200
-106 197
-106 -195
-107 204
-107 200
-107 -197
-108 203
-108 199
-108 -196
-109 205
-109 206
-109 -208
-110 206
-110 208
-110 -211
-111 207
-111 209
-111 -212
-112 208
-112 209
-112 -210
-113 211
-113 212
-113 -213
-114 212
-114 213
-114 -214
-115 205
-115 207
-115 -210
-116 207
-116 210
-116 -214
-117 206
-117 209
-117 -213
-118 208
-118 206
-118 -205
-119 211
-119 208
-119 -206
-120 212
-120 209
-120 -207
-121 210
-121 209
-121 -208
-122 213
-122 212
-122 -211
-123 214
-123 213
-123 -212
-124 210
-124 207
-124 -205
-125 214
-125 210
-125 -207
-126 213
-126 209
-126 -206
-127 215
-127 216
-127 -218
-128 216
-128 218
-128 -221
-129 217
-129 219
-129 -222
-130 218
-130 219
-130 -220
-131 221
-131 222
-131 -223
-132 222
-132 223
-132 -224
-133 215
-133 217
-133 -220
-134 217
-134 220
-134 -224
-135 216
-135 219
-135 -223
-136 218
-136 216
-136 -215
-137 221
-137 218
-137 -216
-138 222
-138 219
-138 -217
-139 220
-139 219
-139 -218
-140 223
-140 222
-140 -221
-141 224
-141 223
-141 -222
-142 220
-142 217
-142 -215
-143 224
-143 220
-143 -217
-144 223
-144 219
-144 -216
-1 -155
-1 -156
-1 158
-2 -156
-2 -158
-2 161
-3 -157
-3 -159
-3 162
-4 -158
-4 -159
-4 160
-5 -161
-5 -162
-5 163
-6 -162
-6 -163
-6 164
-7 -155
-7 -157
-7 160
-8 -157
-8 -160
-8 164
-9 -156
-9 -159
-9 163
-10 -158
-10 -156
-10 155
-11 -161
-11 -158
-11 156
-12 -162
-12 -159
-12 157
-13 -160
-13 -159
-13 158
-14 -163
-14 -162
-14 161
-15 -164
-15 -163
-15 162
-16 -160
-16 -157
-16 155
-17 -164
-17 -160
-17 157
-18 -163
-18 -159
-18 156
-19 -165
-19 -166
-19 168
-20 -166
-20 -168
-20 171
-21 -167
-21 -169
-21 172
-22 -168
-22 -169
-22 170
-23 -171
-23 -172
-23 173
-24 -172
-24 -173
-24 174
-25 -165
-25 -167
-25 170
-26 -167
-26 -170
-26 174
-27 -166
-27 -169
-27 173
-28 -168
-28 -166
-28 165
-29 -171
-29 -168
-29 166
-30 -172
-30 -169
-30 167
-31 -170
-31 -169
-31 168
-32 -173
-32 -172
-32 171
-33 -174
-33 -173
-33 172
-34 -170
-34 -167
-34 165
-35 -174
-35 -170
-35 167
-36 -173
-36 -169
-36 166
-37 -175
-37 -176
-37 178
-38 -176
-38 -178
-38 181
-39 -177
-39 -179
-39 182
-40 -178
-40 -179
-40 180
-41 -181
-41 -182
-41 183
-42 -182
-42 -183
-42 184
-43 -175
-43 -177
-43 180
-44 -177
-44 -180
-44 184
-45 -176
-45 -179
-45 183
-46 -178
-46 -176
-46 175
-47 -181
-47 -178
-47 176
-48 -182
-48 -179
-48 177
-49 -180
-49 -179
-49 178
-50 -183
-50 -182
-50 181
-51 -184
-51 -183
-51 182
-52 -180
-52 -177
-52 175
-53 -184
-53 -180
-53 177
-54 -183
-54 -179
-54 176
-55 -185
-55 -186
-55 188
-56 -186
-56 -188
-56 191
-57 -187
-57 -189
-57 192
-58 -188
-58 -189
-58 190
-59 -191
-59 -192
-59 193
-60 -192
-60 -193
-60 194
-61 -185
-61 -187
-61 190
-62 -187
-62 -190
-62 194
-63 -186
-63 -189
-63 193
-64 -188
-64 -186
-64 185
-65 -191
-65 -188
-65 186
-66 -192
-66 -189
-66 187
-67 -190
-67 -189
-67 188
-68 -193
-68 -192
-68 191
-69 -194
-69 -193
-69 192
-70 -190
-70 -187
-70 185
-71 -194
-71 -190
-71 187
-72 -193
-72 -189
-72 186
-73 -195
-73 -196
-73 198
-74 -196
-74 -198
-74 201
-75 -197
-75 -199
-75 202
-76 -198
-76 -199
-76 200
-77 -201
-77 -202
-77 203
-78 -202
-78 -203
-78 204
-79 -195
-79 -197
-79 200
-80 -197
-80 -200
-80 204
-81 -196
-81 -199
-81 203
-82 -198
-82 -196
-82 195
-83 -201
-83 -198
-83 196
-84 -202
-84 -199
-84 197
-85 -200
-85 -199
-85 198
-86 -203
-86 -202
-86 201
-87 -204
-87 -203
-87 202
-88 -200
-88 -197
-88 195
-89 -204
-89 -200
-89 197
-90 -203
-90 -199
-90 196
-91 -205
-91 -206
-91 208
-92 -206
-92 -208
-92 211
-93 -207
-93 -209
-93 212
-94 -208
-94 -209
-94 210
-95 -211
-95 -212
-95 213
-96 -212
-96 -213
-96 214
-97 -205
-97 -207
-97 210
-98 -207
-98 -210
-98 214
-99 -206
-99 -209
-99 213
-100 -208
-100 -206
-100 205
-101 -211
-101 -208
-101 206
-102 -212
-102 -209
-102 207
-103 -210
-103 -209
-103 208
-104 -213
-104 -212
-104 211
-105 -214
-105 -213
-105 212
-106 -210
-106 -207
-106 205
-107 -214
-107 -210
-107 207
-108 -213
-108 -209
-108 206
-109 -215
-109 -216
-109 218
-110 -216
-110 -218
-110 221
-111 -217
-111 -219
-111 222
-112 -218
-112 -219
-112 220
-113 -221
-113 -222
-113 223
-114 -222
-114 -223
-114 224
-115 -215
-115 -217
-115 220
-116 -217
-116 -220
-116 224
-117 -216
-117 -219
-117 223
-118 -218
-118 -216
-118 215
-119 -221
-119 -218
-119 216
-120 -222
-120 -219
-120 217
-121 -220
-121 -219
-121 218
-122 -223
-122 -222
-122 221
-123 -224
-123 -223
-123 222
-124 -220
-124 -217
-124 215
-125 -224
-125 -220
-125 217
-126 -223
-126 -219
-126 216
-127 -225
-127 -226
-127 228
-128 -226
-128 -228
-128 231
-129 -227
-129 -229
-129 232
-130 -228
-130 -229
-130 230
-131 -231
-131 -232
-131 233
-132 -232
-132 -233
-132 234
-133 -225
-133 -227
-133 230
-134 -227
-134 -230
-134 234
-135 -226
-135 -229
-135 233
-136 -228
-136 -226
-136 225
-137 -231
-137 -228
-137 226
-138 -232
-138 -229
-138 227
-139 -230
-139 -229
-139 228
-140 -233
-140 -232
-140 231
-141 -234
-141 -233
-141 232
-142 -230
-142 -227
-142 225
-143 -234
-143 -230
-143 227
-144 -233
-144 -229
-144 226
-145 155 1 7
-146 156 1 2 9 10
-147 157 3 7 8 16
-148 158 2 4 10 11
-149 159 3 4 9 12 13 18
-150 160 8 13 16 17
-151 161 5 11
-152 162 5 6 12 14
-153 163 6 14 15 18
-154 164 15 17
-155 165 19 25
-156 166 19 20 27 28
-157 167 21 25 26 34
-158 168 20 22 28 29
-159 169 21 22 27 30 31 36
-160 170 26 31 34 35
-161 171 23 29
-162 172 23 24 30 32
-163 173 24 32 33 36
-164 174 33 35
-165 175 37 43
-166 176 37 38 45 46
-167 177 39 43 44 52
-168 178 38 40 46 47
-169 179 39 40 45 48 49 54
-170 180 44 49 52 53
-171 181 41 47
-172 182 41 42 48 50
-173 183 42 50 51 54
-174 184 51 53
-175 185 55 61
-176 186 55 56 63 64
-177 187 57 61 62 70
-178 188 56 58 64 65
-179 189 57 58 63 66 67 72
-180 190 62 67 70 71
-181 191 59 65
-182 192 59 60 66 68
-183 193 60 68 69 72
-184 194 69 71
-185 195 73 79
-186 196 73 74 81 82
-187 197 75 79 80 88
-188 198 74 76 82 83
-189 199 75 76 81 84 85 90
-190 200 80 85 88 89
-191 201 77 83
-192 202 77 78 84 86
-193 203 78 86 87 90
-194 204 87 89
-195 205 91 97
-196 206 91 92 99 100
-197 207 93 97 98 106
-198 208 92 94 100 101
-199 209 93 94 99 102 103 108
-200 210 98 103 106 107
-201 211 95 101
-202 212 95 96 102 104
-203 213 96 104 105 108
-204 214 105 107
-205 215 109 115
-206 216 109 110 117 118
-207 217 111 115 116 124
-208 218 110 112 118 119
-209 219 111 112 117 120 121 126
-210 220 116 121 124 125
-211 221 113 119
-212 222 113 114 120 122
-213 223 114 122 123 126
-214 224 123 125
-215 225 127 133
-216 226 127 128 135 136
-217 227 129 133 134 142
-218 228 128 130 136 137
-219 229 129 130 135 138 139 144
-220 230 134 139 142 143
-221 231 131 137
-222 232 131 132 138 140
-223 233 132 140 141 144
-224 234 141 143
145 -155 10 16
146 -156 11 18
147 -157 12 17
148 -158 1 13
150 -160 4 7
151 -161 2 14
152 -162 3 15
153 -163 5 9
154 -164 6 8
155 -165 28 34
156 -166 29 36
157 -167 30 35
158 -168 19 31
160 -170 22 25
161 -171 20 32
162 -172 21 33
163 -173 23 27
164 -174 24 26
165 -175 46 52
166 -176 47 54
167 -177 48 53
168 -178 37 49
170 -180 40 43
171 -181 38 50
172 -182 39 51
173 -183 41 45
174 -184 42 44
175 -185 64 70
176 -186 65 72
177 -187 66 71
178 -188 55 67
180 -190 58 61
181 -191 56 68
182 -192 57 69
183 -193 59 63
184 -194 60 62
185 -195 82 88
186 -196 83 90
187 -197 84 89
188 -198 73 85
190 -200 76 79
191 -201 74 86
192 -202 75 87
193 -203 77 81
194 -204 78 80
195 -205 100 106
196 -206 101 108
197 -207 102 107
198 -208 91 103
200 -210 94 97
201 -211 92 104
202 -212 93 105
203 -213 95 99
204 -214 96 98
205 -215 118 124
206 -216 119 126
207 -217 120 125
208 -218 109 121
210 -220 112 115
211 -221 110 122
212 -222 111 123
213 -223 113 117
214 -224 114 116
215 -225 136 142
216 -226 137 144
217 -227 138 143
218 -228 127 139
220 -230 130 133
221 -231 128 140
222 -232 129 141
223 -233 131 135
224 -234 132 134
-1 -2
-1 -3
-1 -4
-1 -5
-1 -6
-1 -7
-1 -8
-1 -9
-1 -10
-1 -11
-1 -12
-1 -13
-1 -14
-1 -15
-1 -16
-1 -17
-1 -18
-2 -3
-2 -4
-2 -5
-2 -6
-2 -7
-2 -8
-2 -9
-2 -10
-2 -11
-2 -12
-2 -13
-2 -14
-2 -15
-2 -16
-2 -17
-2 -18
-3 -4
-3 -5
-3 -6
-3 -7
-3 -8
-3 -9
-3 -10
-3 -11
-3 -12
-3 -13
-3 -14
-3 -15
-3 -16
-3 -17
-3 -18
-4 -5
-4 -6
-4 -7
-4 -8
-4 -9
-4 -10
-4 -11
-4 -12
-4 -13
-4 -14
-4 -15
-4 -16
-4 -17
-4 -18
-5 -6
-5 -7
-5 -8
-5 -9
-5 -10
-5 -11
-5 -12
-5 -13
-5 -14
-5 -15
-5 -16
-5 -17
-5 -18
-6 -7
-6 -8
-6 -9
-6 -10
-6 -11
-6 -12
-6 -13
-6 -14
-6 -15
-6 -16
-6 -17
-6 -18
-7 -8
-7 -9
-7 -10
-7 -11
-7 -12
-7 -13
-7 -14
-7 -15
-7 -16
-7 -17
-7 -18
-8 -9
-8 -10
-8 -11
-8 -12
-8 -13
-8 -14
-8 -15
-8 -16
-8 -17
-8 -18
-9 -10
-9 -11
-9 -12
-9 -13
-9 -14
-9 -15
-9 -16
-9 -17
-9 -18
-10 -11
-10 -12
-10 -13
-10 -14
-10 -15
-10 -16
-10 -17
-10 -18
-11 -12
-11 -13
-11 -14
-11 -15
-11 -16
-11 -17
-11 -18
-12 -13
-12 -14
-12 -15
-12 -16
-12 -17
-12 -18
-13 -14
-13 -15
-13 -16
-13 -17
-13 -18
-14 -15
-14 -16
-14 -17
-14 -18
-15 -16
-15 -17
-15 -18
-16 -17
-16 -18
-17 -18
-19 -20
-19 -21
-19 -22
-19 -23
-19 -24
-19 -25
-19 -26
-19 -27
-19 -28
-19 -29
-19 -30
-19 -31
-19 -32
-19 -33
-19 -34
-19 -35
-19 -36
-20 -21
-20 -22
-20 -23
-20 -24
-20 -25
-20 -26
-20 -27
-20 -28
-20 -29
-20 -30
-20 -31
-20 -32
-20 -33
-20 -34
-20 -35
-20 -36
-21 -22
-21 -23
-21 -24
-21 -25
-21 -26
-21 -27
-21 -28
-21 -29
-21 -30
-21 -31
-21 -32
-21 -33
-21 -34
-21 -35
-21 -36
-22 -23
-22 -24
-22 -25
-22 -26
-22 -27
-22 -28
-22 -29
-22 -30
-22 -31
-22 -32
-22 -33
-22 -34
-22 -35
-22 -36
-23 -24
-23 -25
-23 -26
-23 -27
-23 -28
-23 -29
-23 -30
-23 -31
-23 -32
-23 -33
-23 -34
-23 -35
-23 -36
-24 -25
-24 -26
-24 -27
-24 -28
-24 -29
-24 -30
-24 -31
-24 -32
-24 -33
-24 -34
-24 -35
-24 -36
-25 -26
-25 -27
-25 -28
-25 -29
-25 -30
-25 -31
-25 -32
-25 -33
-25 -34
-25 -35
-25 -36
-26 -27
-26 -28
-26 -29
-26 -30
-26 -31
-26 -32
-26 -33
-26 -34
-26 -35
-26 -36
-27 -28
-27 -29
-27 -30
-27 -31
-27 -32
-27 -33
-27 -34
-27 -35
-27 -36
-28 -29
-28 -30
-28 -31
-28 -32
-28 -33
-28 -34
-28 -35
-28 -36
-29 -30
-29 -31
-29 -32
-29 -33
-29 -34
-29 -35
-29 -36
-30 -31
-30 -32
-30 -33
-30 -34
-30 -35
-30 -36
-31 -32
-31 -33
-31 -34
-31 -35
-31 -36
-32 -33
-32 -34
-32 -35
-32 -36
-33 -34
-33 -35
-33 -36
-34 -35
-34 -36
-35 -36
-37 -38
-37 -39
-37 -40
-37 -41
-37 -42
-37 -43
-37 -44
-37 -45
-37 -46
-37 -47
-37 -48
-37 -49
-37 -50
-37 -51
-37 -52
-37 -53
-37 -54
-38 -39
-38 -40
-38 -41
-38 -42
-38 -43
-38 -44
-38 -45
-38 -46
-38 -47
-38 -48
-38 -49
-38 -50
-38 -51
-38 -52
-38 -53
-38 -54
-39 -40
-39 -41
-39 -42
-39 -43
-39 -44
-39 -45
-39 -46
-39 -47
-39 -48
-39 -49
-39 -50
-39 -51
-39 -52
-39 -53
-39 -54
-40 -41
-40 -42
-40 -43
-40 -44
-40 -45
-40 -46
-40 -47
-40 -48
-40 -49
-40 -50
-40 -51
-40 -52
-40 -53
-40 -54
-41 -42
-41 -43
-41 -44
-41 -45
-41 -46
-41 -47
-41 -48
-41 -49
-41 -50
-41 -51
-41 -52
-41 -53
-41 -54
-42 -43
-42 -44
-42 -45
-42 -46
-42 -47
-42 -48
-42 -49
-42 -50
-42 -51
-42 -52
-42 -53
-42 -54
-43 -44
-43 -45
-43 -46
-43 -47
-43 -48
-43 -49
-43 -50
-43 -51
-43 -52
-43 -53
-43 -54
-44 -45
-44 -46
-44 -47
-44 -48
-44 -49
-44 -50
-44 -51
-44 -52
-44 -53
-44 -54
-45 -46
-45 -47
-45 -48
-45 -49
-45 -50
-45 -51
-45 -52
-45 -53
-45 -54
-46 -47
-46 -48
-46 -49
-46 -50
-46 -51
-46 -52
-46 -53
-46 -54
-47 -48
-47 -49
-47 -50
-47 -51
-47 -52
-47 -53
-47 -54
-48 -49
-48 -50
-48 -51
-48 -52
-48 -53
-48 -54
-49 -50
-49 -51
-49 -52
-49 -53
-49 -54
-50 -51
-50 -52
-50 -53
-50 -54
-51 -52
-51 -53
-51 -54
-52 -53
-52 -54
-53 -54
-55 -56
-55 -57
-55 -58
-55 -59
-55 -60
-55 -61
-55 -62
-55 -63
-55 -64
-55 -65
-55 -66
-55 -67
-55 -68
-55 -69
-55 -70
-55 -71
-55 -72
-56 -57
-56 -58
-56 -59
-56 -60
-56 -61
-56 -62
-56 -63
-56 -64
-56 -65
-56 -66
-56 -67
-56 -68
-56 -69
-56 -70
-56 -71
-56 -72
-57 -58
-57 -59
-57 -60
-57 -61
-57 -62
-57 -63
-57 -64
-57 -65
-57 -66
-57 -67
-57 -68
-57 -69
-57 -70
-57 -71
-57 -72
-58 -59
-58 -60
-58 -61
-58 -62
-58 -63
-58 -64
-58 -65
-58 -66
-58 -67
-58 -68
-58 -69
-58 -70
-58 -71
-58 -72
-59 -60
-59 -61
-59 -62
-59 -63
-59 -64
-59 -65
-59 -66
-59 -67
-59 -68
-59 -69
-59 -70
-59 -71
-59 -72
-60 -61
-60 -62
-60 -63
-60 -64
-60 -65
-60 -66
-60 -67
-60 -68
-60 -69
-60 -70
-60 -71
-60 -72
-61 -62
-61 -63
-61 -64
-61 -65
-61 -66
-61 -67
-61 -68
-61 -69
-61 -70
-61 -71
-61 -72
-62 -63
-62 -64
-62 -65
-62 -66
-62 -67
-62 -68
-62 -69
-62 -70
-62 -71
-62 -72
-63 -64
-63 -65
-63 -66
-63 -67
-63 -68
-63 -69
-63 -70
-63 -71
-63 -72
-64 -65
-64 -66
-64 -67
-64 -68
-64 -69
-64 -70
-64 -71
-64 -72
-65 -66
-65 -67
-65 -68
-65 -69
-65 -70
-65 -71
-65 -72
-66 -67
-66 -68
-66 -69
-66 -70
-66 -71
-66 -72
-67 -68
-67 -69
-67 -70
-67 -71
-67 -72
-68 -69
-68 -70
-68 -71
-68 -72
-69 -70
-69 -71
-69 -72
-70 -71
-70 -72
-71 -72
-73 -74
-73 -75
-73 -76
-73 -77
-73 -78
-73 -79
-73 -80
-73 -81
-73 -82
-73 -83
-73 -84
-73 -85
-73 -86
-73 -87
-73 -88
-73 -89
-73 -90
-74 -75
-74 -76
-74 -77
-74 -78
-74 -79
-74 -80
-74 -81
-74 -82
-74 -83
-74 -84
-74 -85
-74 -86
-74 -87
-74 -88
-74 -89
-74 -90
-75 -76
-75 -77
-75 -78
-75 -79
-75 -80
-75 -81
-75 -82
-75 -83
-75 -84
-75 -85
-75 -86
-75 -87
-75 -88
-75 -89
-75 -90
-76 -77
-76 -78
-76 -79
-76 -80
-76 -81
-76 -82
-76 -83
-76 -84
-76 -85
-76 -86
-76 -87
-76 -88
-76 -89
-76 -90
-77 -78
-77 -79
-77 -80
-77 -81
-77 -82
-77 -83
-77 -84
-77 -85
-77 -86
-77 -87
-77 -88
-77 -89
-77 -90
-78 -79
-78 -80
-78 -81
-78 -82
-78 -83
-78 -84
-78 -85
-78 -86
-78 -87
-78 -88
-78 -89
-78 -90
-79 -80
-79 -81
-79 -82
-79 -83
-79 -84
-79 -85
-79 -86
-79 -87
-79 -88
-79 -89
-79 -90
-80 -81
-80 -82
-80 -83
-80 -84
-80 -85
-80 -86
-80 -87
-80 -88
-80 -89
-80 -90
-81 -82
-81 -83
-81 -84
-81 -85
-81 -86
-81 -87
-81 -88
-81 -89
-81 -90
-82 -83
-82 -84
-82 -85
-82 -86
-82 -87
-82 -88
-82 -89
-82 -90
-83 -84
-83 -85
-83 -86
-83 -87
-83 -88
-83 -89
-83 -90
-84 -85
-84 -86
-84 -87
-84 -88
-84 -89
-84 -90
-85 -86
-85 -87
-85 -88
-85 -89
-85 -90
-86 -87
-86 -88
-86 -89
-86 -90
-87 -88
-87 -89
-87 -90
-88 -89
-88 -90
-89 -90
-91 -92
-91 -93
-91 -94
-91 -95
-91 -96
-91 -97
-91 -98
-91 -99
-91 -100
-91 -101
-91 -102
-91 -103
-91 -104
-91 -105
-91 -106
-91 -107
-91 -108
-92 -93
-92 -94
-92 -95
-92 -96
-92 -97
-92 -98
-92 -99
-92 -100
-92 -101
-92 -102
-92 -103
-92 -104
-92 -105
-92 -106
-92 -107
-92 -108
-93 -94
-93 -95
-93 -96
-93 -97
-93 -98
-93 -99
-93 -100
-93 -101
-93 -102
-93 -103
-93 -104
-93 -105
-93 -106
-93 -107
-93 -108
-94 -95
-94 -96
-94 -97
-94 -98
-94 -99
-94 -100
-94 -101
-94 -102
-94 -103
-94 -104
-94 -105
-94 -106
-94 -107
-94 -108
-95 -96
-95 -97
-95 -98
-95 -99
-95 -100
-95 -101
-95 -102
-95 -103
-95 -104
-95 -105
-95 -106
-95 -107
-95 -108
-96 -97
-96 -98
-96 -99
-96 -100
-96 -101
-96 -102
-96 -103
-96 -104
-96 -105
-96 -106
-96 -107
-96 -108
-97 -98
-97 -99
-97 -100
-97 -101
-97 -102
-97 -103
-97 -104
-97 -105
-97 -106
-97 -107
-97 -108
-98 -99
-98 -100
-98 -101
-98 -102
-98 -103
-98 -104
-98 -105
-98 -106
-98 -107
-98 -108
-99 -100
-99 -101
-99 -102
-99 -103
-99 -104
-99 -105
-99 -106
-99 -107
-99 -108
-100 -101
-100 -102
-100 -103
-100 -104
-100 -105
-100 -106
-100 -107
-100 -108
-101 -102
-101 -103
-101 -104
-101 -105
-101 -106
-101 -107
-101 -108
-102 -103
-102 -104
-102 -105
-102 -106
-102 -107
-102 -108
-103 -104
-103 -105
-103 -106
-103 -107
-103 -108
-104 -105
-104 -106
-104 -107
-104 -108
-105 -106
-105 -107
-105 -108
-106 -107
-106 -108
-107 -108
-109 -110
-109 -111
-109 -112
-109 -113
-109 -114
-109 -115
-109 -116
-109 -117
-109 -118
-109 -119
-109 -120
-109 -121
-109 -122
-109 -123
-109 -124
-109 -125
-109 -126
-110 -111
-110 -112
-110 -113
-110 -114
-110 -115
-110 -116
-110 -117
-110 -118
-110 -119
-110 -120
-110 -121
-110 -122
-110 -123
-110 -124
-110 -125
-110 -126
-111 -112
-111 -113
-111 -114
-111 -115
-111 -116
-111 -117
-111 -118
-111 -119
-111 -120
-111 -121
-111 -122
-111 -123
-111 -124
-111 -125
-111 -126
-112 -113
-112 -114
-112 -115
-112 -116
-112 -117
-112 -118
-112 -119
-112 -120
-112 -121
-112 -122
-112 -123
-112 -124
-112 -125
-112 -126
-113 -114
-113 -115
-113 -116
-113 -117
-113 -118
-113 -119
-113 -120
-113 -121
-113 -122
-113 -123
-113 -124
-113 -125
-113 -126
-114 -115
-114 -116
-114 -117
-114 -118
-114 -119
-114 -120
-114 -121
-114 -122
-114 -123
-114 -124
-114 -125
-114 -126
-115 -116
-115 -117
-115 -118
-115 -119
-115 -120
-115 -121
-115 -122
-115 -123
-115 -124
-115 -125
-115 -126
-116 -117
-116 -118
-116 -119
-116 -120
-116 -121
-116 -122
-116 -123
-116 -124
-116 -125
-116 -126
-117 -118
-117 -119
-117 -120
-117 -121
-117 -122
-117 -123
-117 -124
-117 -125
-117 -126
-118 -119
-118 -120
-118 -121
-118 -122
-118 -123
-118 -124
-118 -125
-118 -126
-119 -120
-119 -121
-119 -122
-119 -123
-119 -124
-119 -125
-119 -126
-120 -121
-120 -122
-120 -123
-120 -124
-120 -125
-120 -126
-121 -122
-121 -123
-121 -124
-121 -125
-121 -126
-122 -123
-122 -124
-122 -125
-122 -126
-123 -124
-123 -125
-123 -126
-124 -125
-124 -126
-125 -126
-127 -128
-127 -129
-127 -130
-127 -131
-127 -132
-127 -133
-127 -134
-127 -135
-127 -136
-127 -137
-127 -138
-127 -139
-127 -140
-127 -141
-127 -142
-127 -143
-127 -144
-128 -129
-128 -130
-128 -131
-128 -132
-128 -133
-128 -134
-128 -135
-128 -136
-128 -137
-128 -138
-128 -139
-128 -140
-128 -141
-128 -142
-128 -143
-128 -144
-129 -130
-129 -131
-129 -132
-129 -133
-129 -134
-129 -135
-129 -136
-129 -137
-129 -138
-129 -139
-129 -140
-129 -141
-129 -142
-129 -143
-129 -144
-130 -131
-130 -132
-130 -133
-130 -134
-130 -135
-130 -136
-130 -137
-130 -138
-130 -139
-130 -140
-130 -141
-130 -142
-130 -143
-130 -144
-131 -132
-131 -133
-131 -134
-131 -135
-131 -136
-131 -137
-131 -138
-131 -139
-131 -140
-131 -141
-131 -142
-131 -143
-131 -144
-132 -133
-132 -134
-132 -135
-132 -136
-132 -137
-132 -138
-132 -139
-132 -140
-132 -141
-132 -142
-132 -143
-132 -144
-133 -134
-133 -135
-133 -136
-133 -137
-133 -138
-133 -139
-133 -140
-133 -141
-133 -142
-133 -143
-133 -144
-134 -135
-134 -136
-134 -137
-134 -138
-134 -139
-134 -140
-134 -141
-134 -142
-134 -143
-134 -144
-135 -136
-135 -137
-135 -138
-135 -139
-135 -140
-135 -141
-135 -142
-135 -143
-135 -144
-136 -137
-136 -138
-136 -139
-136 -140
-136 -141
-136 -142
-136 -143
-136 -144
-137 -138
-137 -139
-137 -140
-137 -141
-137 -142
-137 -143
-137 -144
-138 -139
-138 -140
-138 -141
-138 -142
-138 -143
-138 -144
-139 -140
-139 -141
-139 -142
-139 -143
-139 -144
-140 -141
-140 -142
-140 -143
-140 -144
-141 -142
-141 -143
-141 -144
-142 -143
-142 -144
-143 -144
-145
146
147
148
149
150
151
152
153
154
-225 -226
-225 -227
-225 -228
-225 -229
-225 -230
-225 -231
-225 -232
-225 -233
-225 -234
-226 -227
-226 -228
-226 -229
-226 -230
-226 -231
-226 -232
-226 -233
-226 -234
-227 -228
-227 -229
-227 -230
-227 -231
-227 -232
-227 -233
-227 -234
-228 -229
-228 -230
-228 -231
-228 -232
-228 -233
-228 -234
-229 -230
-229 -231
-229 -232
-229 -233
-229 -234
-230 -231
-230 -232
-230 -233
-230 -234
-231 -232
-231 -233
-231 -234
-232 -233
-232 -234
-233 -234
0
1 Jump(1,2,4,1)
2 Jump(2,4,7,1)
3 Jump(3,5,8,1)
4 Jump(4,5,6,1)
5 Jump(7,8,9,1)
6 Jump(8,9,10,1)
7 Jump(1,3,6,1)
8 Jump(3,6,10,1)
9 Jump(2,5,9,1)
10 Jump(4,2,1,1)
11 Jump(7,4,2,1)
12 Jump(8,5,3,1)
13 Jump(6,5,4,1)
14 Jump(9,8,7,1)
15 Jump(10,9,8,1)
16 Jump(6,3,1,1)
17 Jump(10,6,3,1)
18 Jump(9,5,2,1)
19 Jump(1,2,4,2)
20 Jump(2,4,7,2)
21 Jump(3,5,8,2)
22 Jump(4,5,6,2)
23 Jump(7,8,9,2)
24 Jump(8,9,10,2)
25 Jump(1,3,6,2)
26 Jump(3,6,10,2)
27 Jump(2,5,9,2)
28 Jump(4,2,1,2)
29 Jump(7,4,2,2)
30 Jump(8,5,3,2)
31 Jump(6,5,4,2)
32 Jump(9,8,7,2)
33 Jump(10,9,8,2)
34 Jump(6,3,1,2)
35 Jump(10,6,3,2)
36 Jump(9,5,2,2)
37 Jump(1,2,4,3)
38 Jump(2,4,7,3)
39 Jump(3,5,8,3)
40 Jump(4,5,6,3)
41 Jump(7,8,9,3)
42 Jump(8,9,10,3)
43 Jump(1,3,6,3)
44 Jump(3,6,10,3)
45 Jump(2,5,9,3)
46 Jump(4,2,1,3)
47 Jump(7,4,2,3)
48 Jump(8,5,3,3)
49 Jump(6,5,4,3)
50 Jump(9,8,7,3)
51 Jump(10,9,8,3)
52 Jump(6,3,1,3)
53 Jump(10,6,3,3)
54 Jump(9,5,2,3)
55 Jump(1,2,4,4)
56 Jump(2,4,7,4)
57 Jump(3,5,8,4)
58 Jump(4,5,6,4)
59 Jump(7,8,9,4)
60 Jump(8,9,10,4)
61 Jump(1,3,6,4)
62 Jump(3,6,10,4)
63 Jump(2,5,9,4)
64 Jump(4,2,1,4)
65 Jump(7,4,2,4)
66 Jump(8,5,3,4)
67 Jump(6,5,4,4)
68 Jump(9,8,7,4)
69 Jump(10,9,8,4)
70 Jump(6,3,1,4)
71 Jump(10,6,3,4)
72 Jump(9,5,2,4)
73 Jump(1,2,4,5)
74 Jump(2,4,7,5)
75 Jump(3,5,8,5)
76 Jump(4,5,6,5)
77 Jump(7,8,9,5)
78 Jump(8,9,10,5)
79 Jump(1,3,6,5)
80 Jump(3,6,10,5)
81 Jump(2,5,9,5)
82 Jump(4,2,1,5)
83 Jump(7,4,2,5)
84 Jump(8,5,3,5)
85 Jump(6,5,4,5)
86 Jump(9,8,7,5)
87 Jump(10,9,8,5)
88 Jump(6,3,1,5)
89 Jump(10,6,3,5)
90 Jump(9,5,2,5)
91 Jump(1,2,4,6)
92 Jump(2,4,7,6)
93 Jump(3,5,8,6)
94 Jump(4,5,6,6)
95 Jump(7,8,9,6)
96 Jump(8,9,10,6)
97 Jump(1,3,6,6)
98 Jump(3,6,10,6)
99 Jump(2,5,9,6)
100 Jump(4,2,1,6)
101 Jump(7,4,2,6)
102 Jump(8,5,3,6)
103 Jump(6,5,4,6)
104 Jump(9,8,7,6)
105 Jump(10,9,8,6)
106 Jump(6,3,1,6)
107 Jump(10,6,3,6)
108 Jump(9,5,2,6)
109 Jump(1,2,4,7)
110 Jump(2,4,7,7)
111 Jump(3,5,8,7)
112 Jump(4,5,6,7)
113 Jump(7,8,9,7)
114 Jump(8,9,10,7)
115 Jump(1,3,6,7)
116 Jump(3,6,10,7)
117 Jump(2,5,9,7)
118 Jump(4,2,1,7)
119 Jump(7,4,2,7)
120 Jump(8,5,3,7)
121 Jump(6,5,4,7)
122 Jump(9,8,7,7)
123 Jump(10,9,8,7)
124 Jump(6,3,1,7)
125 Jump(10,6,3,7)
126 Jump(9,5,2,7)
127 Jump(1,2,4,8)
128 Jump(2,4,7,8)
129 Jump(3,5,8,8)
130 Jump(4,5,6,8)
131 Jump(7,8,9,8)
132 Jump(8,9,10,8)
133 Jump(1,3,6,8)
134 Jump(3,6,10,8)
135 Jump(2,5,9,8)
136 Jump(4,2,1,8)
137 Jump(7,4,2,8)
138 Jump(8,5,3,8)
139 Jump(6,5,4,8)
140 Jump(9,8,7,8)
141 Jump(10,9,8,8)
142 Jump(6,3,1,8)
143 Jump(10,6,3,8)
144 Jump(9,5,2,8)
145 Peg(1,1)
146 Peg(2,1)
147 Peg(3,1)
148 Peg(4,1)
149 Peg(5,1)
150 Peg(6,1)
151 Peg(7,1)
152 Peg(8,1)
153 Peg(9,1)
154 Peg(10,1)
155 Peg(1,2)
156 Peg(2,2)
157 Peg(3,2)
158 Peg(4,2)
159 Peg(5,2)
160 Peg(6,2)
161 Peg(7,2)
162 Peg(8,2)
163 Peg(9,2)
164 Peg(10,2)
165 Peg(1,3)
166 Peg(2,3)
167 Peg(3,3)
168 Peg(4,3)
169 Peg(5,3)
170 Peg(6,3)
171 Peg(7,3)
172 Peg(8,3)
173 Peg(9,3)
174 Peg(10,3)
175 Peg(1,4)
176 Peg(2,4)
177 Peg(3,4)
178 Peg(4,4)
179 Peg(5,4)
180 Peg(6,4)
181 Peg(7,4)
182 Peg(8,4)
183 Peg(9,4)
184 Peg(10,4)
185 Peg(1,5)
186 Peg(2,5)
187 Peg(3,5)
188 Peg(4,5)
189 Peg(5,5)
190 Peg(6,5)
191 Peg(7,5)
192 Peg(8,5)
193 Peg(9,5)
194 Peg(10,5)
195 Peg(1,6)
196 Peg(2,6)
197 Peg(3,6)
198 Peg(4,6)
199 Peg(5,6)
200 Peg(6,6)
201 Peg(7,6)
202 Peg(8,6)
203 Peg(9,6)
204 Peg(10,6)
205 Peg(1,7)
206 Peg(2,7)
207 Peg(3,7)
208 Peg(4,7)
209 Peg(5,7)
210 Peg(6,7)
211 Peg(7,7)
212 Peg(8,7)
213 Peg(9,7)
214 Peg(10,7)
215 Peg(1,8)
216 Peg(2,8)
217 Peg(3,8)
218 Peg(4,8)
219 Peg(5,8)
220 Peg(6,8)
221 Peg(7,8)
222 Peg(8,8)
223 Peg(9,8)
224 Peg(10,8)
225 Peg(1,9)
226 Peg(2,9)
227 Peg(3,9)
228 Peg(4,9)
229 Peg(5,9)
230 Peg(6,9)
231 Peg(7,9)
232 Peg(8,9)
233 Peg(9,9)
234 Peg(10,9)
